time,x,y,z,phi,theta,psi,x_velocity,y_velocity,z_velocity,phi_velocity,theta_velocity,psi_velocity,rotor_speed1,rotor_speed2,rotor_speed3,rotor_speed4
0.02,0.0,0.0,10.000731293592677,4.326518516784006e-06,3.3856467751114394e-05,0.0,0.0,0.0,0.07312935926772941,0.002941604499718189,-0.008228787000673771,0.0,474.6002060775327,472.70202583479585,472.52451224914023,473.2041975789039
0.04,-9.332179261102169e-08,1.1925593255295487e-08,10.002988275604359,6.747733854783888e-05,6.2830784485005164,0.0,-9.33217926110217e-06,1.1925593255295487e-06,0.15256884190044162,2.648890457935746e-06,-0.001320734714795795,0.0,478.10176512174354,479.6779821688576,478.99879188909387,478.327882724267
0.06,-3.363768913693109e-08,1.9132368594583216e-07,10.006382824959015,6.761705893865155e-05,6.283057366287487,0.0,1.5300589608511234e-05,1.6747249943524117e-05,0.18688609356522362,0.000419164392308478,-0.004586460136832083,0.0,438.964357458803,438.1507737546077,437.1066653952787,437.21076675053007
0.08,5.974295279990079e-07,6.980612317003315e-07,10.010699215552012,7.86480611267848e-05,6.2829783029235,0.0,4.780613210508266e-05,3.3926504631925805e-05,0.24475296573451757,-0.0018820154538544713,0.00044659832664980127,0.0,458.90694341588164,460.1037872335789,460.14705287230873,459.60030768383234
0.1,2.004230828800009e-06,1.5478196972582928e-06,10.015809421653074,5.476167674700605e-05,6.282996885741753,0.0,9.287399797501742e-05,5.104934192387031e-05,0.2662676443717512,0.003362777144085268,-0.003946772069565279,0.0,426.32201529649564,425.19454237802887,424.69740529934245,426.0446322252281
0.12000000000000001,4.282869007796969e-06,2.6912094298929607e-06,10.021407967239046,0.00013354292055289818,6.282953409515361,0.0,0.00013498981992467863,6.328963133959646e-05,0.29358691422544336,-0.0014384104015106305,-0.012368080162768545,0.0,432.5912729585998,430.45908127108123,431.5022190446001,430.2847155497094
0.14,7.551597329458451e-06,4.2846329164798145e-06,10.02777108050669,0.00010900667461477553,6.282707247300092,0.0,0.00019188301224146956,9.60527173190889e-05,0.3427244125391016,0.0014708720158186982,-0.01081928192706371,0.0,451.51619301038755,451.8909529106263,451.49256005653325,452.1960936147425
0.16,1.242527664283409e-05,6.441919129382189e-06,10.034830701017354,0.00014184316901300065,6.282497227765726,0.0,0.0002954849190960943,0.0001196759039711485,0.36323763852719526,0.0040858496761712205,-0.014387503942315354,0.0,424.93788629705955,424.01953152486027,424.47156993249877,425.144121053662
0.18,1.9561259785251767e-05,9.088227906992466e-06,10.041915638430064,0.00023888313734676814,6.282236123191586,0.0,0.00041811339514567347,0.00014495497378987912,0.3452561027438752,-0.0014500287203267513,-0.021687573079892674,0.0,386.2568276018161,384.1863384337441,385.8121268037518,384.2410823648414
0.19999999999999998,3.037233805284058e-05,1.260362445578986e-05,10.049438670836517,0.00021365616764335016,6.281807061165427,0.0,0.0006629944316132079,0.00020658468108986024,0.40704713790145397,-0.004197247205528348,-0.02475006730457005,0.0,463.8091347146637,463.0871356091045,463.48435920665935,462.83630657151497
0.21999999999999997,4.691726980022059e-05,1.72445661992914e-05,10.058001107523193,0.00013668185154713797,6.281312881249786,0.0,0.0009914987431247923,0.0002575094932602939,0.4491965307660803,-0.007931046347082258,-0.02603180865991691,0.0,445.1389588375764,444.8241417469564,446.2192236723906,445.3040939802882
0.23999999999999996,7.153739480445413e-05,2.274442304066125e-05,10.067581293995042,6.283173093757524,6.280792296146249,0.0,0.0014705137572985612,0.0002924761908766912,0.5088221164188266,-0.012341409899578559,-0.026351401089442027,0.0,461.6568880773386,461.5811347371339,461.7687355590739,460.7241005596822
0.25999999999999995,0.00010713059273985092,2.8562390185260504e-05,10.078379473376316,6.282926949403759,6.280297414030581,0.0,0.002088806036241118,0.0002893205235832342,0.5709958217085446,-0.013510892028943362,-0.018333183566741938,0.0,462.55637380781025,464.4464292093841,464.1859915950311,463.91075752725095
0.27999999999999997,0.00015457733082679142,3.3841494246451834e-05,10.089800967404024,6.282666817775443,6.279985449263053,0.0,0.002655867772452933,0.00023858988253589825,0.5711535810621664,-0.009019519797149976,-0.007873842879466882,0.0,403.04529401468375,405.87090526845725,403.8073048191623,405.0208753908957
0.3,0.0002155548284050373,3.733967533485059e-05,10.10171843475918,6.282549177387395,6.279836743813577,0.0,0.0034418819853716527,0.00011122822630397792,0.6205931544534141,-0.020222198753233948,-0.012062257403693329,0.0,452.31045292643375,451.2976484912149,454.0989021224945,451.3954258431397
0.32,0.00029196139850258643,3.812636562680114e-05,10.11442864299271,6.282197074802227,6.279600646880848,0.0,0.004198775024383259,-3.255919710892338e-05,0.6504276688994888,-0.009990738457125893,-0.01527106258425456,0.0,434.01527915073166,433.2068203812524,432.96930020512855,435.5436754935702
0.34,0.00038246260979661487,3.567615164458074e-05,10.127295646518442,6.282038228322548,6.2792961030693775,0.0,0.0048513461050195845,-0.00021246220111311662,0.6362726836737729,-0.0009388558391883461,-0.013946343584756424,0.0,388.4179888513248,388.790528457095,389.2213635698153,391.7543410040116
0.36000000000000004,0.0004896751761499078,2.8422768668149415e-05,10.14067804518641,6.282041105590704,6.279017708689844,0.0,0.005869910530309702,-0.000512876096530016,0.7019671831231046,-0.007519795732497617,-0.014978324360921141,0.0,467.2814608870531,467.04021401034663,467.71537769256673,466.17547481503146
0.38000000000000006,0.0006137288600624455,1.633800650410248e-05,10.154352344380312,6.281891077226156,6.2787182377985005,0.0,0.00653545786094407,-0.0006956001198746772,0.66546273626708,-0.0066624158827394975,-0.015415579148575668,0.0,364.7982620458177,364.66732026113516,365.1225648390268,365.37915270749517
0.4000000000000001,0.0007546595928826599,-5.354569851088432e-07,10.167987800909941,6.281786929852972,6.278411094743781,0.0,0.007557615421077377,-0.0009917462290464554,0.6980829166959189,-0.01429143213259041,-0.016944322587803273,0.0,436.0070172415407,435.6238355800818,438.43908603725896,436.53380426020124
0.4200000000000001,0.0009176034924807434,-2.3824160745045625e-05,10.182457305444125,6.281509864759149,6.278110916952377,0.0,0.008736774538730965,-0.0013371241469472227,0.7488675367223724,-0.018477969802311933,-0.025743033897067343,0.0,455.1594940432724,453.0424576062869,453.72494351779847,452.71574592578736
0.4400000000000001,0.0011052309878458798,-5.482327333941136e-05,10.198013254166275,6.281148133246354,6.277605237890139,0.0,0.010025974997782667,-0.0017627871124893508,0.8067273354926229,-0.014521232952254982,-0.02145779978348063,0.0,459.24438809561667,460.26271484898547,460.1118174556381,461.05055519492794
0.46000000000000013,0.0013167547272805097,-9.409645351554282e-05,10.21415786238698,6.28090111456855,6.277208156489035,0.0,0.011126398945680334,-0.002164530905123794,0.8077334865779016,-0.005203939220428435,-0.013448480890297317,0.0,404.7061799002122,406.86280721614264,404.2448853354554,406.7556088496574
0.48000000000000015,0.0015545578702824358,-0.0001432245322623751,10.230906117844537,6.280842578058618,6.276972495216183,0.0,0.012653915354512256,-0.0027482769695594345,0.8670920591778633,0.00433988333411096,-0.005286576093671029,0.0,460.24674865299284,462.1804944974251,460.86307963405113,463.12037494738377
0.5000000000000001,0.0018231867987647545,-0.0002040539161187632,10.248788950675866,6.280934024366545,6.276903316762191,0.0,0.014208977493719624,-0.003334661416079375,0.9211912239550687,0.0012907387835006398,0.003263636521239203,0.0,456.09543848769033,458.13930867131194,457.11035128114145,456.3808328715682
0.5200000000000001,0.0021227869098473656,-0.0002762734697337949,10.26770551285649,6.280974322077844,6.276970988881043,0.0,0.01575103361454148,-0.0038872939454237965,0.9704649941070779,0.006672733883756832,0.0010730254519246804,0.0,452.9950070700306,452.4662398157795,451.83508060918456,453.1346986439091
0.5400000000000001,0.0024556547537547377,-0.0003603692512760473,10.288024780813396,6.281110523414359,6.27702083194152,0.0,0.017535750776195718,-0.004522284208801447,1.06146180158356,0.009016516654789905,0.00860728738524871,0.0,488.6129941930976,490.2949245399279,489.3253818976024,489.8483561666066
0.5600000000000002,0.0028237173337257427,-0.00045665375228905094,10.310106182020345,6.281294160910589,6.2771929781122004,0.0,0.019270507220904787,-0.0051061658924989135,1.1466783191113148,0.006444683404055997,0.008636372628072661,0.0,485.14922295123915,485.1556469800438,484.62403643798666,484.043696713802
0.5800000000000002,0.003226315489422945,-0.0005642017016768049,10.333946160166384,6.281423294538163,6.27736938096945,0.0,0.020989308348815464,-0.005648629046276482,1.2373194954925408,0.00713744525743149,0.005925135018688283,0.0,489.24217907743855,488.6361493422637,490.0491963604938,490.2035292648554
0.6000000000000002,0.003661981421745609,-0.0006819855269553647,10.359461055567474,6.281587547285717,6.2774943098044,0.0,0.02257728488345096,-0.006129753481579498,1.3141700446163689,0.0005794207981178398,0.002340128860876564,0.0,478.1763590854861,477.35634431535584,478.7050673979159,477.2056867217639
0.6200000000000002,0.004127524821712687,-0.0008085107992354242,10.386242229153671,6.281679687939889,6.277543999004443,0.0,0.023977055113256908,-0.0065227737464264406,1.3639473140034961,0.013272114618475345,0.004742886787485108,0.0,453.65698837011536,454.23530532490173,452.2595639851488,455.3158646740156
0.6400000000000002,0.004620586754916579,-0.000942575242882269,10.413956113477498,6.28197538367796,6.277640220151627,0.0,0.025329138207132288,-0.006883670618258032,1.407441118379094,0.02105073219523658,0.003091577347468988,0.0,448.42029456125726,448.01764234342477,447.22492615300473,449.1213186071672
0.6600000000000003,0.0051418115295435475,-0.0010834438928316525,10.442783693825362,6.282397495254845,6.277721499859759,0.0,0.02679333925556452,-0.007203194376680321,1.4753169164072095,0.01956956172550179,-0.0031451142727131477,0.0,470.47114250644916,469.0203402687427,471.18445066580335,470.84080355059933
0.6800000000000003,0.005692481413994279,-0.001229642570860903,10.473037594718615,6.282790632387224,6.2776593702644305,0.0,0.028273649189508598,-0.0074166734262447395,1.5500731729182358,0.021438196451186893,-0.0019019810334598626,0.0,476.4415128685578,476.72659768866106,476.3866461041792,476.81499976607097
0.7000000000000003,0.0062708865962126745,-0.0013789000100273264,10.504417623263837,7.137580628580054e-05,6.2776231615395925,0.0,0.029566869032330998,-0.007509070490397598,1.5879296816039383,0.03007378208573637,1.1599814811089201e-05,0.0,442.10829021443834,442.5810361101663,443.4657085256247,445.588456938552
0.7200000000000003,0.0068763775048422985,-0.001528900034476078,10.536759155325322,0.0006902351415458696,6.277623862594234,0.0,0.030982221830631377,-0.007490931954477563,1.6462235245445345,0.02417739445510643,-0.0009569644278970976,0.0,461.55669148877985,461.32733258684215,463.87519827590665,462.4844056430558
0.7400000000000003,0.007508860959384774,-0.0016771252987050522,10.570030563337387,0.0012001876532732325,6.277625922696048,0.0,0.03226612362361611,-0.0073315944684198804,1.680917276661929,0.016910397465274146,0.00555447018686523,0.0,440.0994524992926,441.71322970603563,441.4897613113687,439.68753399369047
0.7600000000000003,0.008168350320605509,-0.0018206986845401161,10.604235590072692,0.0015567865799743785,6.277737195141313,0.0,0.033682812498457414,-0.007025744115086512,1.7395853968685882,0.010845584624740931,0.004949422209461096,0.0,462.3245370018147,462.18141331168164,464.29713207570694,462.8674963491152
0.7800000000000004,0.008856676343606913,-0.001957021425883972,10.639758386677963,0.001781478021497307,6.277841354329848,0.0,0.035149789801682985,-0.0066065300192990825,1.8126942636585488,0.006901031664504082,0.001733603699122435,0.0,476.1978350151827,475.459249490957,476.3981599782038,475.4924043933439
0.8000000000000004,0.009571180043061468,-0.0020853152138845415,10.676204238481539,0.001923249656988979,6.277924886422397,0.0,0.03630058014377263,-0.006222848780757856,1.831890916699129,0.009640010379864252,0.011618948262361843,0.0,425.08649346434464,427.6200460017492,426.15363386456465,426.85527169183166
0.8200000000000004,0.01030871190546573,-0.0022055595939638605,10.713070629482836,0.002127931090024404,6.278160541961448,0.0,0.037452606096653504,-0.00580158922717407,1.8547481834306137,0.014514684817903575,0.014178859903256576,0.0,429.2083930155955,429.8595155925031,429.94950612837715,431.1865234559478
0.8400000000000004,0.011069924979888785,-0.0023164403187377804,10.750624479811146,0.002478737755875926,6.278445458287809,0.0,0.03866870134565204,-0.005286483250217925,1.9006368494002466,0.02551586379959317,0.015815397893064805,0.0,451.9061726045326,452.30160670251934,450.2638124401506,452.92566704928464
0.8600000000000004,0.01185583172042322,-0.0024156143458685694,10.789320141457148,0.002993788708002043,6.278780007184771,0.0,0.03992197270779138,-0.0046309194628609785,1.968929315200047,0.022438957517516164,0.02185542092310186,0.0,470.89236466007077,472.29178718934725,473.0997690079056,472.3886315831747
0.8800000000000004,0.012666198386153227,-0.0025001247209961866,10.829445165011354,0.003445889880953068,6.27924862189027,0.0,0.04111469386520932,-0.0038201180499007727,2.0435730402205,0.02501656206478689,0.013917374937368101,0.0,478.1613335135136,476.3437963092429,478.36432279279467,478.95275177241524
0.9000000000000005,0.01349753175873536,-0.002568610837565905,10.87065207139234,0.003953234330492883,6.279607608018038,0.0,0.04201864339300391,-0.003028493607071033,2.077117597878055,0.02127137628989086,0.0012178765992399716,0.0,441.79882197292704,438.64636976102986,442.2904394940409,441.3642707736922
0.9200000000000005,0.014347188129897858,-0.0026189174445553306,10.912828722937071,0.004430348098950709,6.279637327017372,0.0,0.04294699372324602,-0.0020021670918715494,2.140547556594902,0.011104150251311095,0.004492465840355702,0.0,467.6195960519234,468.38415393202183,470.14288066139073,467.7737473770083
0.9400000000000005,0.015216184136695472,-0.0026463973950462405,10.95651354677904,0.004674946564762195,6.279734673319171,0.0,0.04395260695651539,-0.0007458279572194679,2.2279348276021316,0.017814658545820886,0.0006202610443739659,0.0,489.4699977219807,488.60468211658167,489.2331292890722,490.72954305931313
0.9600000000000005,0.01610237310311237,-0.0026516375331734725,11.00118019460039,0.005070327109234718,6.279749309701142,0.0,0.04466628968517448,0.0002218141444962652,2.238729954532743,0.008973010107180261,-0.0014921598809270664,0.0,419.24856237717484,418.6975859976661,421.7650480552654,419.4679291729365
0.9800000000000005,0.017002297156623006,-0.0026374560855385765,11.045914886459752,0.005259998113992914,6.2797988418508,0.0,0.04532611566588937,0.0011963306189933004,2.2347392314034344,0.004453983084824016,-0.014091790611803129,0.0,406.4690478672047,403.0674927969079,405.70331686719567,404.4841593066261
1.0000000000000004,0.017916281913143157,-0.00260192912417242,11.09085313653217,0.005364969247005469,6.279529002074231,0.0,0.046072359986125806,0.0023563655176223348,2.2590857758383334,-0.0011836531780733666,-0.01898996081421576,0.0,433.3032818410345,432.0663359169163,434.1092399765351,432.6876963714277
1.0200000000000005,0.018845356470447713,-0.002543601124614349,11.136160657319964,0.005343191603546238,6.279158503302938,0.0,0.04683509574432993,0.0034764344381847606,2.2716663029411213,-0.0031306611915641125,-0.023302835723333498,0.0,422.95464612773566,421.83890526254794,421.2503673554585,420.74501555624636
1.0400000000000005,0.019791304626049486,-0.0024617955150135467,11.181929700323039,0.005327678858771279,6.278888887275389,0.0,0.04775971981584726,0.004704126521895487,2.3052379973664126,-0.012836378996663476,-0.04312407114996121,0.0,445.49677465748556,440.6079385481767,442.07480142893417,439.66916842097027
1.0600000000000005,0.02075704156358887,-0.002354632341333827,11.228527709249171,0.005084099227736338,6.27802648232001,0.0,0.04881397393809129,0.0060121908460765115,2.354562895246802,-0.007708426403655991,-0.0435151405048938,0.0,457.13881852234744,457.04435233046075,455.66992544890996,456.89814724185027
1.0800000000000005,0.021745991374978863,-0.0022218960788328887,11.276114137499189,0.004931274157102372,6.27715634551328,0.0,0.05008100720090793,0.007261435404017309,2.404079929754903,-0.0060692452428542185,-0.044091340762239827,0.0,456.9726322748979,456.83382226431473,457.0404149347434,457.4322841572496
1.1000000000000005,0.022761739094146655,-0.0020651076071033212,11.324577910160025,0.004833052293601092,6.276281148263806,0.0,0.0514937647158711,0.008417411768939419,2.4422973363287324,-0.012875571910868012,-0.04773264980428277,0.0,447.43789293511827,446.5466082662612,447.61366210877134,445.94902491408277
1.1200000000000006,0.02380993476037871,-0.001883931261440952,11.374116093023618,0.004607464314241305,6.275339010772775,0.0,0.053325801907334346,0.009700222797297523,2.511520950030551,-0.004885145281722859,-0.04272954975446602,0.0,475.44126482978544,476.58858257675837,473.11464777956365,474.95675609695763
1.1400000000000006,0.024894687280926777,-0.0016792153507546835,11.42470930370762,0.004598699311133103,6.274489560628481,0.0,0.05514945014747247,0.010771368271329318,2.547800118369698,-0.01822215413122323,-0.04593605900795876,0.0,446.66999368710253,445.88383687308857,446.4928309776083,443.21670768053315
1.1600000000000006,0.02601373822549698,-0.001455291368399764,11.475550906990428,0.004240073360675112,6.273581708771186,0.0,0.05675564430954796,0.011621029964162626,2.5363602099108755,-0.02163305787266926,-0.05059853107006224,0.0,399.30175853294185,398.0221899633194,399.2770730269328,398.3424524740679
1.1800000000000006,0.027168401061905025,-0.001214237501580484,11.526352212559308,0.003808454948308615,6.272570174420938,0.0,0.05871063933125655,0.012484356717765403,2.5437703469770834,-0.023077180504017115,-0.05153263080022678,0.0,417.8838245268275,417.63767728165436,418.1878159233046,417.8102337051258
1.2000000000000006,0.028364984779003902,-0.0009565229459108876,11.577373408046334,0.0033714029322187145,6.271546291650411,0.0,0.06094773237863137,0.013287098849194223,2.558349201725496,-0.016078381465588307,-0.047852998895227185,0.0,424.4539587709507,425.39841472394244,424.1588631684565,425.9581223856462
1.2200000000000006,0.029612265600886197,-0.0006825751147090461,11.62901237021126,0.003054251392971885,6.270591368035252,0.0,0.06378034980959814,0.01410768427098992,2.6055470147671156,-0.019050279870496848,-0.04578594168918528,0.0,455.22292270581096,455.71752601378284,456.6180124003723,455.90632407965415
1.2400000000000007,0.030919902165964498,-0.00039265324239383024,11.68170475964169,0.0026764563593912882,6.269703716143839,0.0,0.06698330669823184,0.01488450296053167,2.663691928275745,-0.021584274278271906,-0.038293686705332876,0.0,464.99199404655747,466.7483049151904,466.3528120418616,465.7587242996384
1.2600000000000007,0.03229857217441069,-8.721975726528461e-05,11.735909856029826,0.002262117540105635,6.268944304037415,0.0,0.07088369414638793,0.01565884555232289,2.756817710537831,-0.027474378908864845,-0.041888579661254706,0.0,497.092093125743,496.30064710198434,496.87153199563113,495.5744765232205
1.2800000000000007,0.033754509222317,0.0002320349799767466,11.791771168626246,0.0017150069903157927,6.268114282537081,0.0,0.07471001064424307,0.01626662817188023,2.829313549104326,-0.02529399894789465,-0.037951552130045946,0.0,478.66002216733443,479.55719909565494,479.2414355302297,479.7382301003886
1.3000000000000007,0.03528374470809588,0.0005613540179678822,11.848720244957272,0.0012411465708117575,6.267355478121683,0.0,0.07821353793364473,0.016665275627233318,2.8655940839984475,-0.01729155438963778,-0.03862479384617004,0.0,447.5667252469892,447.4016324463406,445.8214860760975,447.7786459867804
1.3200000000000007,0.036880229788630606,0.000897184707763857,11.906105301147788,0.0008964954014984983,6.266583011997348,0.0,0.08143497011982775,0.016917793352364166,2.872911535053085,-0.015755378306243,-0.038380857017558376,0.0,419.35295775053265,419.41569201777065,419.4978883863259,419.89793728566895
1.3400000000000007,0.03854788567932976,0.0012376433149134318,11.963948075910556,0.0005824136223058218,6.265825162369644,0.0,0.08533061895008763,0.017128067362593313,2.911365941223795,-0.017187709924222628,-0.04280070150494887,0.0,449.5645760750514,448.4882118142306,449.9316563055842,449.58373425774124
1.3600000000000008,0.04029744362849835,0.0015816444037850522,12.022687262135236,0.00029465667131667317,6.265005651937823,0.0,0.08962517596677194,0.017272041524568724,2.9625526812441008,-0.006604964770411463,-0.05134512638656153,0.0,462.70754162751456,460.68420984860103,459.49905860465407,462.0091231526
1.3800000000000008,0.042126617508159415,0.0019276784057687798,12.081993519955857,0.00016557947342743518,6.263980387692602,0.0,0.09329221199933425,0.01733135867380405,2.968073100817992,-0.009063459236310972,-0.05315525484064538,0.0,418.4190834522112,417.9441766387799,418.7742682718521,418.1323170465532
1.4000000000000008,0.04404219237657666,0.002274733064089825,12.141982445622904,6.283171217582825,6.262942047145135,0.0,0.09826527484239068,0.017374107158300473,3.030819465886773,-0.007274540827118504,-0.046117563550569084,0.0,470.9664469331913,472.5949310870551,471.6787640370554,472.0931705666235
1.4200000000000008,0.04605916447300192,0.002622177881019112,12.203189075694084,6.283034773777949,6.262020029628461,0.0,0.10343193480013552,0.017370374534628225,3.089843541231277,-0.011528247838188569,-0.04693457559200444,0.0,468.5235786822048,468.3318427544575,469.8156795529587,468.8253275384215
1.4400000000000008,0.04817502612487549,0.0029692480799687906,12.265255073090525,6.282842547302394,6.261081414456875,0.0,0.10815423038722073,0.01733664536033962,3.116756198412756,-0.0027717095712559755,-0.04732531912583647,0.0,440.70788993791496,440.6096488225873,437.8579162317103,440.0380999783627
1.4600000000000009,0.05038509564298141,0.003315250888710171,12.327753804148808,6.28282840592917,6.260161982728217,0.0,0.11285272142337154,0.017263635513798406,3.1331169074155225,0.006315954397122903,-0.03996669780659559,0.0,429.2477945627602,431.1157401084912,428.4044740401645,430.716488982162
1.4800000000000009,0.05269688918628605,0.0036596735608072297,12.390831596443286,6.282955303012757,6.259363530323888,0.0,0.11832663290709289,0.01717863169590745,3.174662322032414,0.007391124751500854,-0.03863887868959206,0.0,453.2148485500481,453.53412540262315,453.8696213032097,454.1283198779338
1.5000000000000009,0.055124946484215565,0.004002650750352102,12.454945404321778,6.2831337387982344,6.258610634034387,0.0,0.12447909688585848,0.017119087258579746,3.2367184658167263,0.015215866337762615,-0.03233312190887921,0.0,470.53265917793607,471.99426054949214,472.5315355085866,474.3375748319333
1.520000000000001,0.05766894735712815,0.004344916959043509,12.519932129183402,0.0002578009598792619,6.257964056890341,0.0,0.12992099040540017,0.017107533610561023,3.2619540203456325,0.012037182813029295,-0.031920098585641515,0.0,440.33398605771583,440.43607900071123,438.2107131599166,437.41717946234166
1.540000000000001,0.06032042621014683,0.004687608776065973,12.585312912011844,0.000533860208538961,6.257367635619865,0.0,0.1352268948964676,0.017161648091685345,3.2761242624985414,0.020441418935265628,-0.022757053105474555,0.0,428.08012063037086,430.41257662094984,426.9779135506394,429.1234517050646
1.560000000000001,0.06309397979302206,0.005032267702163836,12.651546445323945,0.0009455833298046556,6.256912591903255,0.0,0.14212846339105575,0.017304244518100906,3.347229068711434,0.018035284042643544,-0.023198291136486932,0.0,480.8100714240504,480.70978100241774,481.1637142784088,480.61686965347957
1.580000000000001,0.06599131184051107,0.005380322685116431,12.718613446244403,0.0013062891129314025,6.256450364788014,0.0,0.1476047413578455,0.017501253777158634,3.3594710233344163,0.018020982020452686,-0.021333508313046846,0.0,426.9565858146794,427.4335621301738,427.450594442703,427.4468867508825
1.600000000000001,0.06900601212054505,0.005733405939323143,12.786182577512287,0.0016667121094497972,6.256029003832037,0.0,0.15386528664555124,0.017807071643512536,3.397442103454009,0.01810291014967578,-0.018074916505627155,0.0,451.9033942713248,452.6907398029505,451.2031798967192,451.222952003025
1.620000000000001,0.07214033778726674,0.00609304647938098,12.854269223249466,0.002030346262730909,6.2557169580429,0.0,0.15956728002661733,0.018156982362271114,3.4112224702638194,0.01632755086885949,-0.02802001992145925,0.0,429.9730919066893,427.43795116672936,429.8120698112374,429.3603738756496
1.640000000000001,0.07539159562678845,0.006460614347776532,12.922712967160404,0.0023689733685960945,6.255185491093574,0.0,0.16555850392555319,0.018599804477284113,3.4331519208299923,0.021242037309564706,-0.0356270494471979,0.0,438.5250322263087,436.6249532690109,435.9413942670202,437.1715700570422
1.660000000000001,0.07877758087118286,0.006838939985902851,12.992086061844345,0.0028070460645750472,6.254491807567206,0.0,0.1730400205138888,0.01923275933534783,3.5041575475641253,0.02638634480180269,-0.041768297296956636,0.0,482.54801088760536,481.15474372590097,480.8719448403233,482.0395774204991
1.680000000000001,0.08231403087474404,0.007230995743023511,13.062843773953032,0.0033397965945978214,6.253661350898826,0.0,0.1806049798422299,0.01997281637671816,3.5716136633046975,0.023216602229821484,-0.044901754671298644,0.0,479.74600739179976,479.030897364319,478.98288008626,478.25922725329264
1.700000000000001,0.08599138980996304,0.007637834733057218,13.134524638876554,0.00381266092045518,6.25278067196502,0.0,0.1871309136796706,0.020711082626652465,3.596472829047574,0.01908567466782184,-0.050793470825270214,0.0,442.50069944225015,441.04203168341104,440.5465341556891,439.520640933833
1.720000000000001,0.08980824260012468,0.008061365497038174,13.206933772581776,0.004197216806326232,6.251772950777971,0.0,0.1945543653364932,0.021641993771443217,3.6444405414746246,0.021469953391027537,-0.05483035810542073,0.0,463.0983633760168,462.1432036664176,461.82163725230237,462.38544179883826
1.740000000000001,0.09376775852317272,0.008503349217251335,13.28003916337235,0.004626903867803733,6.250679609246099,0.0,0.20139722696831014,0.022556378249872996,3.6660985375828554,0.02222889167227523,-0.05227472501882763,0.0,437.7291145414476,438.3646467147629,438.61612331711694,438.80519040862606
1.7600000000000011,0.09786681549254056,0.008964599602938612,13.353586966344633,0.005098211642390105,6.249657782395422,0.0,0.2085084699684738,0.023568660318854844,3.688681759645451,0.02954051818633517,-0.059154790381812546,0.0,440.1365517392927,438.4230844948454,438.63599236691084,440.4539480057974
1.7800000000000011,0.10210871818846838,0.009446881290898344,13.4275382712885,0.005692380245504225,6.248475416868246,0.0,0.2156817996243076,0.024659508477118373,3.7064487347412514,0.026948901167033835,-0.05794625369606458,0.0,434.8368165143387,435.13791556995994,435.3259942799452,434.67517894085944
1.8000000000000012,0.10650611425658825,0.009953807945805993,13.502118365540642,0.006237302727053695,6.247318802332902,0.0,0.22405780718768045,0.02603315701364658,3.7515606904730707,0.03039693196990561,-0.06009592277665066,0.0,460.57549433271646,460.0629381435477,460.35050976678565,461.1684698458267
1.8200000000000012,0.11106695730339071,0.01048832909466175,13.577409350635877,0.006849630966026865,6.246118852896096,0.0,0.23202649749256601,0.02741895787192919,3.7775378190504005,0.033359903308076685,-0.05811147387218658,0.0,442.69254287744104,443.17960475936474,443.16565627451973,443.89604120320973
1.8400000000000012,0.11579831823294681,0.011053492402148314,13.65344844315532,0.007559141520618873,6.244961817625818,0.0,0.24110959546304309,0.02909737287672728,3.8263714328939713,0.02416071981927449,-0.06133458018923038,0.0,464.28008081604963,463.5185919727401,465.94849002290744,463.78623947162265
1.8600000000000012,0.12071590768427014,0.01165430446010013,13.730509425202055,0.008051079717842136,6.243773083799182,0.0,0.2506493496692886,0.03098383291845437,3.8797267717795907,0.019983687179327282,-0.05262162694142627,0.0,468.16340650298645,470.19045066356733,468.8226078122335,467.8479410897371
1.8800000000000012,0.12583949026750804,0.012296570266746413,13.808947629104397,0.008457840760571322,6.2427428328888865,0.0,0.26170890865450075,0.03324274774617388,3.9640936184545796,0.016218770409179274,-0.04596105211145513,0.0,495.262806557908,496.7288683589828,496.1819124177088,495.35191527915305
1.9000000000000012,0.13118619986705635,0.012984955752915188,13.889049531921959,0.008782240623223636,6.241829952696865,0.0,0.2729620513003286,0.03559580087070351,4.046096663301448,0.016439924060011983,-0.04952218962863503,0.0,494.42093588920534,493.6321559161686,494.858729535642,494.907446594352
1.9200000000000013,0.13672858489899545,0.013714528609347805,13.970019929925455,0.009112523186033172,6.2408397563084215,0.0,0.2812764518935818,0.03736148477255816,4.05094313704802,0.01816275986728488,-0.05022561571312809,0.0,424.55564050735853,424.37286778661536,425.7221503808204,426.16412645016425
1.9400000000000013,0.14245197875508817,0.014482817009135677,14.051387691844232,0.009510087310487414,6.239868603504011,0.0,0.29106293371568914,0.03946735520622891,4.085833054829689,0.02644634931973386,-0.042057444577393105,0.0,452.7028177428446,454.6689125832346,452.74063338628486,454.73576408383565
1.9600000000000013,0.1483864305120554,0.015297012306072102,14.133755099234799,0.010040156761205843,6.23905910296903,0.0,0.3023822419810335,0.04195217448741358,4.150907684227003,0.024934751275247115,-0.05001336772515717,0.0,481.2956084995362,479.4848568666144,481.5129657948048,481.1698519919162
1.9800000000000013,0.15455600626580931,0.01616379510718521,14.217573996596965,0.010538915963436146,6.238103316099508,0.0,0.31457533339435684,0.04472610562389728,4.2309820519896935,0.025293015774161213,-0.05944528004256128,0.0,494.61394829243966,492.5242248079325,494.66748029598585,494.7466540491799
2.0000000000000013,0.1609537301087002,0.017083146639570283,14.30258752516925,0.011045731372612444,6.236923102580814,0.0,0.32519705089473133,0.04720904761461009,4.270370805238842,0.026675111062812614,-0.06361471217612016,0.0,459.79084517257496,458.79636893567556,458.92830442880296,459.2574056846222
2.0200000000000014,0.16753898250431554,0.018046744989976875,14.387790779461973,0.011579242827201242,6.235656277043283,0.0,0.3333281886668029,0.04915078742604904,4.249954624033481,0.026811003171332025,-0.06030753634444953,0.0,401.01779160969386,401.91470336535826,401.8680252268117,401.90521945899906
2.0400000000000014,0.1743073691549809,0.01905456690547837,14.472970072317707,0.012117633519593163,6.234553487280463,0.0,0.3435104763997338,0.05163140412410056,4.267974661539911,0.028894571727928364,-0.07468536400152154,0.0,440.4084734504418,436.82329551630556,440.27092982509816,440.78800809197475
2.0600000000000014,0.1812748286379255,0.02011142779187302,14.55836726440112,0.012695530407159872,6.23308136716744,0.0,0.3532354718947243,0.05405468451536432,4.27174454680123,0.0287901398559545,-0.08125608192369412,0.0,426.1043637060867,424.4110374606036,426.8064753282762,426.78000954955473
2.0800000000000014,0.18846222919075545,0.0212236045833117,14.644288373750078,0.013271929510666247,6.231464361314412,0.0,0.36550458338826874,0.05716299462850377,4.320366388094504,0.02769807173753914,-0.08528492429984837,0.0,468.3709500164219,467.4249423830146,467.9691794208529,467.7142591852276
2.1000000000000014,0.1958954894644968,0.022398464418640678,14.731114522437537,0.013825935063473516,6.22977024863121,0.0,0.3778214439858681,0.060322988904394095,4.362248480651414,0.027995117378142618,-0.08047123490493163,0.0,461.40247574418913,462.5355922181001,462.4500387938848,462.5203934832863
2.1200000000000014,0.20357577299393412,0.023636975480573436,14.818715544421108,0.014483100436360807,6.22817051854428,0.0,0.3902069089578644,0.06352811728888168,4.39785371770576,0.041942376988859484,-0.08487455437271613,0.0,457.28205707223367,456.223421131809,455.3550740905445,458.69053614138454
2.1400000000000015,0.21153159653583933,0.024947454470030887,14.907466510234604,0.01537940383721903,6.226479968805089,0.0,0.40537544523265806,0.06751978165686336,4.477242863643908,0.052662065518025346,-0.08114860529546697,0.0,494.4306412858146,495.24843212591645,494.9517990729708,497.31387729357516
2.1600000000000015,0.21974436290370006,0.02632639373633524,14.996905186570254,0.016432688377304494,6.224857042698613,0.0,0.4159011915534135,0.07037414497357193,4.466624769920976,0.05295610539514933,-0.08084529214153677,0.0,413.78729152609924,413.86154569858667,413.4600025667992,413.53975665672823
2.1800000000000015,0.22819328099773306,0.027770740060556843,15.086518781034208,0.017492651303616213,6.223290501679795,0.0,0.4289906178498864,0.07406048744858823,4.494734676474422,0.0516593259934543,-0.07080887604694076,0.0,448.48833243099136,450.92228593044706,452.30457776812915,451.99290845027843
2.2000000000000015,0.23688814441421852,0.029285542520907187,15.176371673993895,0.018528981965298286,6.2218755479036965,0.0,0.4404957237986582,0.07741975858644617,4.490554619494257,0.04915168095758195,-0.06924443055948408,0.0,419.5081592248066,419.9113840854879,421.23082474502473,420.5815608958964
2.2200000000000015,0.24586994570019904,0.030885853796580934,15.26702234036033,0.0195255720298233,6.220568972130685,0.0,0.45768440479939576,0.08261136898092854,4.574512017149153,0.04394467694883005,-0.056729412526864836,0.0,498.5854810652352,501.3181874629594,500.8517495361216,499.7154662175357
2.2400000000000015,0.25516224878536164,0.032581286704864224,15.35876307625021,0.020404526725257277,6.219457083662627,0.0,0.47154590371686117,0.08693192184740092,4.599561571838946,0.0442944095829959,-0.06346733245507391,0.0,450.1035883203288,448.4623632924875,448.8222782680062,448.9085007007586
2.2600000000000016,0.26472122204903076,0.0343609128410709,15.450800794711409,0.021291336658396,6.218199303918848,0.0,0.48435142265005077,0.09103069177326653,4.60421027428096,0.04293666035826231,-0.058657570439777484,0.0,428.6346845029292,429.85625512473854,430.8598126926188,430.51644481387996
2.2800000000000016,0.2745459510396658,0.03622662442910461,15.543040817409645,0.02215657234446322,6.217030628997492,0.0,0.4981214764134504,0.09554046703010471,4.61979199554261,0.046542899091933584,-0.055665418224990985,0.0,440.14216642318723,440.8821017352488,440.057818487902,440.9535910549185
2.3000000000000016,0.2846599112301179,0.03818816150615075,15.63576380406771,0.02308751095870587,6.215917386337065,0.0,0.5132745426317576,0.10061324067450945,4.652506670263811,0.04694447698868054,-0.056027920837556866,0.0,456.7374569384531,456.64870293423064,456.4473058533735,456.54467235868486
2.3200000000000016,0.2950632862920742,0.040247736197302916,15.728900736971724,0.024084757722948602,6.214802525711114,0.0,0.5270629635638661,0.10534422844070691,4.661186620137664,0.03614103082842344,-0.05265218660573597,0.0,433.72248255475785,434.5700950600988,436.02649721909523,433.31142784614417
2.3400000000000016,0.3057885975112535,0.042419405416185364,15.822851819233918,0.024809663093514622,6.2137516793857515,0.0,0.5454681583540658,0.111822693447538,4.733921606081779,0.034099093514258154,-0.05474856765482129,0.0,491.587657217451,491.1198496043268,493.2037270778335,492.7514874102033
2.3600000000000017,0.3168674141822703,0.04471637873218987,15.91800710644877,0.025588303962940984,6.212660925018069,0.0,0.562413508747619,0.11787463815291328,4.781607115403227,0.04800297780184348,-0.057652697615524766,0.0,472.09874455650663,471.42413713362714,468.80005882074715,472.03076622671034
2.3800000000000017,0.3282985691470349,0.04714019209755531,16.014268519300433,0.02667379547637605,6.211513958461239,0.0,0.5807019877288385,0.12450669838363065,4.844534169762977,0.0638416619263574,-0.061141936925413996,0.0,485.62956684781665,484.84168504207815,482.59893892936674,486.17379288270394
2.4000000000000017,0.34004227580180973,0.049678585911189455,16.111006037938555,0.027964045367913748,6.210298209131814,0.0,0.5936686777486418,0.1293326829797835,4.8292176940491585,0.06902174937944006,-0.06490741407548561,0.0,412.70126684234674,411.69984099034525,412.4555938008941,413.82930421889506
2.4200000000000017,0.3520693276417727,0.05232418774273085,16.207735846354016,0.029364059579156887,6.209030305027909,0.0,0.6090365062476526,0.13522750017435578,4.843763147497135,0.06276407830241064,-0.0726848400770608,0.0,441.69991015243994,439.7680965110043,443.4883381744521,441.94711937203664
2.4400000000000017,0.3643789788255397,0.05507979712659547,16.30438745639944,0.030619367697453548,6.207576887877748,0.0,0.6219286121290502,0.14033343821210637,4.821397857045169,0.06253363417273362,-0.07343270554702112,0.0,405.39478940676344,405.1884577564021,405.8396772205031,405.7808708708078
2.4600000000000017,0.37699248018380804,0.057957280570528596,16.401165440060684,0.03194244100252419,6.206108237535663,0.0,0.6394215236977858,0.14741490618120634,4.856400509079122,0.050500295349595825,-0.07334588557003348,0.0,460.85696346608967,460.8735709633723,461.8828923588187,459.0293458307179
2.4800000000000018,0.3899478566336172,0.06097474532542383,16.498496074318407,0.03295274701932627,6.204839927923096,0.0,0.6561161212831262,0.1543315693083169,4.876662916693431,0.05127503377025675,-0.09327616900182951,0.0,449.6195582703937,444.7443028055056,447.6506590515617,447.8413651234425
2.5000000000000018,0.40325783552842864,0.06414027116986212,16.596460641023146,0.033986074675033784,6.202981843306187,0.0,0.6748817681980194,0.16222101513551224,4.91979375378043,0.04731852513187537,-0.08941902935501374,0.0,467.7896912897293,468.68313429675084,469.2809347135212,468.3601108040147
2.520000000000002,0.41689518310271895,0.06744390376980368,16.694636100347758,0.034940899563070005,6.201230054833037,0.0,0.6888529892310137,0.16814224485864385,4.897752178680722,0.05143055270919679,-0.09797380742912463,0.0,408.1830625615451,405.8783994682475,406.0438058146806,407.15074720659294
2.540000000000002,0.43085043802374373,0.07088269145694097,16.792801724626848,0.03599085594968354,6.199282236039542,0.0,0.7066725028714618,0.17573652385508415,4.91881024922856,0.04489674334103296,-0.1028023382797463,0.0,449.7153125270989,448.5321641976102,449.12815390585376,447.53700701846736
2.560000000000002,0.4451868440715064,0.07448442284007223,16.89163219184415,0.036892204037716425,6.1972266878091915,0.0,0.726968101904803,0.18443661445804116,4.96423647250137,0.04750948948711141,-0.10380087244867382,0.0,471.50263833979426,471.2626044142936,470.517644906637,471.12518532833263
2.580000000000002,0.4599178793364984,0.07825536878350982,16.99118239349586,0.037870828971605874,6.195177493068174,0.0,0.7461354245943984,0.19265797988571823,4.990783692669558,0.05505072866207886,-0.09647656934789045,0.0,453.66456582172,455.4165852186358,453.60484489435095,455.41956651355076
2.600000000000002,0.47502243779624426,0.08218673937805239,17.091100285704183,0.03897386302050254,6.193270070432039,0.0,0.7643204213801873,0.2004790795685395,5.00100552816266,0.053041014426235135,-0.1031261935211201,0.0,439.972210829505,438.3091388424044,440.26462502720784,439.767495701964
2.620000000000002,0.49051136528210204,0.08628403410898156,17.191407823241484,0.04003789977065075,6.191209344066127,0.0,0.7845723272055901,0.20925039352437722,5.029748225567571,0.05557733523547573,-0.10502224442310441,0.0,457.92872278635025,457.46705286960383,456.0023250406662,456.6115889681692
2.640000000000002,0.5064190137850222,0.09056306520286675,17.2923878950879,0.04115157692369564,6.189117149291631,0.0,0.8061925230864294,0.21865271586414217,5.0682589590739155,0.057641529187202036,-0.1090842916818323,0.0,467.0391841156352,466.0785633032764,465.55252871860597,466.0388020383138
2.660000000000002,0.5227772814611701,0.09503854681357743,17.394278704704117,0.04230573731550802,6.186940615479591,0.0,0.8296342445283597,0.22889544520692598,5.1208220025478886,0.05601069622951938,-0.10587430053051357,0.0,479.4678060131116,480.1894383041701,478.4045084435315,478.03382769090706
2.680000000000002,0.539619652801889,0.09972605667866516,17.497322302498247,0.04343256639379778,6.184827954566913,0.0,0.8546028895435206,0.23985554130184678,5.183537776864968,0.052373347277577385,-0.10898077696979168,0.0,488.65161907672854,487.9476063996789,488.7907312167755,487.97856250012734
2.700000000000002,0.5569429423033064,0.10462514363811382,17.601377522162696,0.0444817974220415,6.182655659917341,0.0,0.8777260605982217,0.25005315464301836,5.221984189580007,0.05425168840311305,-0.10515431912346081,0.0,466.84835248713375,467.73349796740195,467.98490817460186,468.4250070589476
2.720000000000002,0.574751359215658,0.10973837458463814,17.70637523136335,0.045571789982021826,6.180568115830088,0.0,0.903115630636941,0.2612699400094145,5.277786730485131,0.05740090796309645,-0.09957896349085188,0.0,482.42050729345544,483.67330139693286,483.49603042172066,484.20908261248854
2.740000000000002,0.5929762832743324,0.11503596322381782,17.811552001507085,0.046728717411816945,6.178578409386308,0.0,0.9193767752304915,0.26848892390855256,5.239890283888682,0.05317970658603738,-0.10151433220846323,0.0,394.4367831283505,393.8901733014426,395.98000838310577,394.8158247304012
2.760000000000002,0.6115599258381997,0.12049326090425434,17.91625941783356,0.0478023028268737,6.17660095967376,0.0,0.9389874811562448,0.2772408441351002,5.2308513487590345,0.04870952016126008,-0.09123455287033268,0.0,422.6556980782783,425.29632815589656,424.5317078545405,423.3812590963698
2.780000000000002,0.6305608367896515,0.1261371368681732,18.020985200603203,0.048788634324856694,6.174803483858678,0.0,0.9611036139889252,0.2871467522567841,5.241726928204995,0.043781823994185426,-0.08385685101607127,0.0,442.9499952625346,444.7597306058136,443.13537846544,441.9197794802668
2.800000000000002,0.6500461980336597,0.13199838225730792,18.126280861592093,0.04967135092558905,6.173164046718849,0.0,0.9874325104119056,0.2989777866566888,5.287839170684139,0.04001881433478623,-0.07517354744061285,0.0,474.52584264717945,476.516401690141,475.9222401433657,475.05821972367585
2.820000000000002,0.6700649126811615,0.1380996417435976,18.232523927631593,0.05049554975562742,6.1716612992172415,0.0,1.0144389543382717,0.31114816197227957,5.336467433265803,0.033116272289573555,-0.07397067819979722,0.0,477.57663570903026,477.84783622003,479.5149731678069,477.9397859892214
2.840000000000002,0.6905670612065277,0.1444191131871061,18.33920102650062,0.05116255570975259,6.170182860583079,0.0,1.035775898198348,0.3207989823785686,5.331242453637011,0.03617585014739246,-0.07536705195647543,0.0,428.65822330187376,428.2975339205195,429.1806508808374,429.9595993659307
2.860000000000002,0.7114824001568615,0.1509255003787046,18.44562959883425,0.05195890053552876,6.168691514447676,0.0,1.0557579968350281,0.3298397367812826,5.311614779725552,0.024107062069984496,-0.08102300523191341,0.0,415.99464176817247,414.50098422336976,415.8080629662432,412.6240970013961
2.880000000000002,0.7328188857966526,0.15762263667752163,18.55182957654789,0.05247855851336869,6.1670758368748935,0.0,1.0778905671440813,0.3398738931004177,5.308382991638669,0.01544487569006156,-0.08411574895037094,0.0,431.0057604443818,430.2152139613762,432.2086867250561,430.0126498007135
2.900000000000002,0.754600976882308,0.1645213855145155,18.657963542662465,0.05278760314352837,6.1653986140317265,0.0,1.1003185414214665,0.3500009905989691,5.305013619818622,0.015987307913820265,-0.08730702952111381,0.0,431.43182411104164,430.61654642436827,430.45319650467104,430.59081594118476
2.920000000000002,0.7768871340664982,0.17164657783610687,18.764471273885793,0.05313120653764969,6.163680206819651,0.0,1.12829717699755,0.3625182415601651,5.345759502514073,0.022894874177641383,-0.09475463025514438,0.0,472.51668656038163,470.7850138028715,471.18178073164387,472.7812482732204
2.940000000000002,0.7997259804939753,0.1790180763308636,18.87170273239501,0.05358910502864056,6.1617924221874745,0.0,1.155587465750147,0.37463160791550687,5.377386348407758,0.02293976155322608,-0.09857771093103544,0.0,464.6833212090379,463.7760191784375,463.9978757116934,464.00846329533795
2.960000000000002,0.8231179013172368,0.18663417732287269,18.9795908675268,0.05405071253971183,6.159853619625139,0.0,1.183604616576012,0.38697849128539963,5.411427164771244,0.020568146067173897,-0.10667112260770287,0.0,466.76109500863754,464.8541970782962,467.850079814292,467.29571561764436
2.980000000000002,0.8470583332486683,0.19449116367385239,19.088028372557908,0.054488591214999715,6.1577370651361605,0.0,1.2104385765671406,0.39872014381257004,5.432323338339557,0.02785041960567441,-0.11247938623405315,0.0,454.8514252170886,453.44385559214356,455.2848836621751,457.029735933529
3.000000000000002,0.8715218126843488,0.20257604590366093,19.196739265867695,0.05504787658927768,6.155494882004522,0.0,1.235909367000913,0.4097680791682851,5.438765992639179,0.025716417654240376,-0.10863111570230928,0.0,440.95578810813504,441.8973127620552,442.72107631902014,442.1941181476098
3.0200000000000022,0.8965573810200025,0.21090791384429122,19.306030844358407,0.05556979913411908,6.1533227686422745,0.0,1.2676474665644484,0.4234187148947431,5.490391856432134,0.021819189984079338,-0.10964002778863889,0.0,484.32903113886346,484.0919679956071,482.50655161490386,481.6230155050316
3.0400000000000023,0.9222173174212781,0.2195073545220006,19.416233969017167,0.056022383695254696,6.151133135735861,0.0,1.2983461735631174,0.4365253528761962,5.529920609444051,0.01612695642353112,-0.10712302585738,0.0,472.378429256396,472.9506300589748,474.2346935932577,472.9209549125982
3.0600000000000023,0.9484503797821026,0.22835057599638173,19.52688151026566,0.05635389116595668,6.149011006024274,0.0,1.3249600625193196,0.4477967945619161,5.53483351540536,0.01189178411736936,-0.10074638009946837,0.0,440.8129801034148,442.3811255627164,442.6117311701383,441.5645479730952
3.0800000000000023,0.9752185577878266,0.237419280026028,19.637616597518978,0.056612901335867605,6.147009506545391,0.0,1.3518577380530843,0.45907360840271094,5.538675209926208,0.0053841750996559135,-0.0955640788526383,0.0,439.6913728307962,440.96887723614174,442.4475727921131,440.8369012046032
3.1000000000000023,1.0025734656396,0.2467325134559262,19.74875469394674,0.0567411694721871,6.145132521338265,0.0,1.3836330471242633,0.4722497345871081,5.575134432850149,0.011800503384043325,-0.08728200544941553,0.0,469.84884013807596,471.7643193700607,470.8589472517837,472.3458941471555
3.1200000000000023,1.03055836445324,0.25630551797348194,19.860550907597375,0.05697721368119524,6.143386892076332,0.0,1.4148568342397276,0.4850507171684665,5.604486932213372,0.012061812881909202,-0.08713471623352569,0.0,464.72026329828697,464.74896086079593,465.82658453658377,465.88776195354853
3.1400000000000023,1.0591753871335987,0.2661365660663171,19.972960538227763,0.05726735161593055,6.141688072839257,0.0,1.446845433796154,0.4980540921150462,5.636476130825229,0.002172255045813816,-0.09650222258211076,0.0,469.7426334028167,467.55207013368397,468.6600722177457,466.3478338403414
3.1600000000000024,1.0883719778110612,0.2762025875072085,20.085560907469613,0.057311973426575236,6.139759921892779,0.0,1.4728136339501015,0.5085480519740962,5.623560793359817,0.003706340915879323,-0.09455619834615372,0.0,426.37628241555495,426.8664909742405,425.722695203305,426.116340206994
3.1800000000000024,1.1182113130959181,0.2865260941039827,20.19873158665285,0.057390858259680044,6.137884032398201,0.0,1.511119894535592,0.5238026077033209,5.693507124964114,0.006791147161825376,-0.10007606652325424,0.0,502.3268641073241,501.1179324963765,500.8207478658491,501.49343529797903
3.2000000000000024,1.1487278770739209,0.29711807572180127,20.31266053726395,0.057535250288403894,6.135891226676222,0.0,1.540536503264677,0.5353955540785317,5.6993879361459605,0.0026513197530716034,-0.10425113741726906,0.0,445.32804598732446,444.29349371782513,446.26977811443874,445.2545757232627
3.2200000000000024,1.179848528073849,0.3079467374602342,20.426786053170424,0.057590949445498474,6.133864422520038,0.0,1.5715285967281492,0.5474706197647581,5.713163654501245,0.0003392808119072419,-0.09346053111712621,0.0,452.1986841619416,454.79019829431275,452.53568930719433,451.97686153191205
3.2400000000000024,1.2116079667409456,0.3190226181619791,20.54128458223046,0.05759963052238959,6.132000806587184,0.0,1.6044152699815146,0.5601174504097295,5.736689251502489,0.0022863096526355006,-0.09011547820591762,0.0,461.4749714521371,462.2595499028214,462.15469362841026,462.61493264296985
3.2600000000000025,1.2440222249615616,0.33034878939070356,20.65620779500234,0.05764551806958629,6.130211056114764,0.0,1.6370105520800673,0.5724996724627149,5.7556320256853795,0.0028543838448392687,-0.0851036738006372,0.0,457.7050998294092,458.89385536933975,458.23408528485487,458.36951808149706
3.2800000000000025,1.2770663608545363,0.34191302041342336,20.77134246576514,0.057708988932899,6.128529582881406,0.0,1.6674030372174058,0.5839234298092675,5.757835050594665,0.006427389978481352,-0.07868491338199649,0.0,443.0805082478709,444.6551728684995,441.62804596017224,442.51142185463044
3.3000000000000025,1.3107479514569145,0.35371556464045567,20.886689715978125,0.05791322290862411,6.126978735392772,0.0,1.7007560230204062,0.5963309928939596,5.7768899707035155,0.01873073717795786,-0.0719246206361578,0.0,458.85689641138,460.45969215417796,456.61055838277014,459.5461324523418
3.3200000000000025,1.3451050216808529,0.3657685651166255,21.002450615219608,0.05828994168551649,6.125541895103474,0.0,1.7349509993734142,0.6089690547230215,5.799199953444906,0.020782094452286095,-0.07374237938043654,0.0,462.5013286279156,462.06777594887484,461.8206157891186,462.3057957674493
3.3400000000000025,1.380095012609126,0.3780553208894485,21.11831824614038,0.05874168985259676,6.124090823151679,0.0,1.7640480934538803,0.6197065225592776,5.787563138632246,0.029279891582634457,-0.06684663637287222,0.0,429.5002247543489,431.2471459450966,429.4541503299499,431.6115861963133
3.3600000000000025,1.4157230669594547,0.3905772249862778,21.23428615033489,0.05933314181338556,6.122770960186113,0.0,1.7987573415789715,0.6324838871236521,5.809227280818816,0.02585815835631291,-0.07268954008445369,0.0,462.5805515026076,461.1947363608077,462.3920095910236,461.58268214447713
3.3800000000000026,1.4520310467050945,0.4033496990312587,21.35058212538313,0.059874078014013676,6.121334372165823,0.0,1.8320406329850178,0.6447635173744395,5.820370224005313,0.018962792738442237,-0.06682391455973999,0.0,451.4671724849213,452.8810580660408,453.8219085008828,452.15823385233557
3.4000000000000026,1.4889349033769885,0.41634223041937357,21.46665657929506,0.06025375305276448,6.120000392577682,0.0,1.8583450342043768,0.654489621437047,5.787075167187342,0.018047168381352164,-0.06905940244976586,0.0,409.63723716317963,409.0365358424266,409.39504638275275,409.1504885214821
3.4200000000000026,1.5264790354015085,0.42957088912733454,21.582744933127163,0.060643290005625516,6.11864890720701,0.0,1.8960681682476208,0.6683762493590518,5.821760216023097,0.02560938832440636,-0.07676688950132717,0.0,475.72499358642517,473.94756771071167,472.375358004337,474.1218240013118
3.4400000000000026,1.5647967979158763,0.44308404761844833,21.699624011935988,0.061161379232160584,6.117114000061669,0.0,1.9357080831891587,0.6829395997523264,5.866147664859585,0.029044926141590047,-0.07769494627106305,0.0,483.1390853194298,482.9249393982793,482.766762131378,483.54401434281135
3.4600000000000026,1.6038651972906108,0.4568730017346019,21.817118178262724,0.06174965754245143,6.115560534004498,0.0,1.9711318542842915,0.6959558118630267,5.883268967814228,0.03288674536154551,-0.07676449664909264,0.0,458.153883592621,458.3712116080328,459.7931179025432,460.7057042120191
3.4800000000000026,1.6436044954085132,0.4709086319150962,21.934714058294336,0.0624168340449911,6.114040834853721,0.0,2.0027979575059494,0.7076072061864017,5.876319035346797,0.03723222469265554,-0.08234854217268843,0.0,437.28583781511867,435.8830196221017,436.64650768341886,437.7333836439858
3.5000000000000027,1.6840189303616886,0.4851927923923955,22.052399098967616,0.06316313714461241,6.11239932019657,0.0,2.0386455378115893,0.7208088415435249,5.8921850319814,0.039053546063579116,-0.07904515412331316,0.0,459.08316486019424,459.86373414325266,457.2966114228615,457.7323389094472
3.5200000000000027,1.7251530103992745,0.4997422903613587,22.170397348285427,0.06402700526942784,6.110818625557677,0.0,2.0747624659469994,0.7341409553527964,5.907639899799718,0.026185197020789593,-0.0783994861370048,0.0,459.35781355487643,459.50664873152465,458.98744136235774,455.91339717783944
3.5400000000000027,1.7669615938280916,0.5145414654648224,22.288411811113722,0.06455417620289605,6.109254662180923,0.0,2.106095876934704,0.7457765549935773,5.893806383029887,0.028818443326224054,-0.08123721268712514,0.0,430.57471953741265,429.8486016458877,431.2792029618541,431.9462310967323
3.5600000000000027,1.8094475731426485,0.5295919084519022,22.40642218787502,0.06514666951423376,6.107654715225394,0.0,2.142502054520999,0.7592677437144092,5.907231293100075,0.03449725390819027,-0.08827955579322058,0.0,458.4672660607769,456.7800858327009,455.4654224091489,456.8264086342226
3.5800000000000027,1.8526142482978967,0.5448947899085937,22.524415921361012,0.06583797472289721,6.105889498053507,0.0,2.174165461003817,0.7710204019547513,5.892142055499203,0.03614657528353944,-0.08741475063817583,0.0,428.8965570818362,429.11011857953685,430.7388409000125,431.15771215729944
3.6000000000000028,1.8964317146082206,0.5604392507229624,22.642188226224448,0.06656200599388828,6.104142615784362,0.0,2.207581170028575,0.7834256794821148,5.885088430844444,0.034663493815431955,-0.0890956692074376,0.0,438.5927485682839,438.1671860148347,437.4141545071802,437.0440004237487
3.6200000000000028,1.9409557640472048,0.5762460512775206,22.7600128044288,0.06726442198542149,6.102364523036616,0.0,2.2448237738698493,0.7972543759737021,5.897369389590592,0.0389404355322439,-0.09185995443264677,0.0,455.9813354016329,455.31182061471526,456.2654258329123,457.28933330034437
3.640000000000003,1.9862798344605703,0.5923498195481235,22.87836436356609,0.06804876998502252,6.100618615992817,0.0,2.287583267466694,0.8131224510865958,5.937786524138133,0.03561198575600197,-0.07834758640529807,0.0,480.3001191223678,483.35896337601775,482.41690952341037,481.66281431501005
3.660000000000003,2.0323178456306334,0.608719268683129,22.99673906799747,0.0687616215251774,6.099077026668905,0.0,2.3162178495396324,0.823822462413955,5.899683918999867,0.03450579857959432,-0.07122545130503685,0.0,406.0197402271514,407.9271627760114,408.69516352396903,408.39987545758254
3.680000000000003,2.0789565231060685,0.6253133019017267,23.114489446017874,0.06945761358383606,6.097660626524249,0.0,2.3476498980038802,0.8355808594458279,5.875353883040478,0.03793394299500796,-0.06719832293734948,0.0,420.08160984526324,421.1239817517257,422.0211876121489,422.90873756036535
3.700000000000003,2.126319232435006,0.6421781118707779,23.23224829949883,0.07022140722704062,6.0963414620560314,0.0,2.388621034889852,0.8509001374592906,5.9005314650550975,0.034735573627831626,-0.06015531356211008,0.0,467.51268756972956,469.1533027048176,469.2337354131953,468.48872918833433
3.720000000000003,2.1744766696198945,0.6593407870693343,23.350365909204488,0.07093475957227113,6.095174865782184,0.0,2.4271226835989914,0.8653673823963417,5.9112295055102075,0.028629695693571856,-0.051610139790435175,0.0,454.9753879370419,457.0212258231744,456.2266790991579,454.7619447414281
3.740000000000003,2.223400919577794,0.6767922342658963,23.46866906871679,0.071525848293998,6.094173886981039,0.0,2.4653023121909774,0.8797773372598604,5.9190864457197785,0.03471160458059933,-0.04370773576823361,0.0,452.15774313707004,454.06239169861425,452.89665202793185,454.3623248586266
3.760000000000003,2.2730955843207714,0.6945349313428895,23.58715561032009,0.07226343102796573,6.093300261145528,0.0,2.5041641621067687,0.8944923704394496,5.929567714610002,0.04402295704478852,-0.04473621022410329,0.0,455.4345629468923,455.1866423115798,455.68390336745796,457.9124204137169
3.780000000000003,2.323535181811404,0.7125607123423605,23.705676205355,0.07319434312691442,6.092406910105563,0.0,2.5397955869564615,0.9080857295076573,5.922491788881427,0.03397776336294744,-0.04639341541225733,0.0,440.03511607448866,439.62210056101617,440.7671272105857,438.27006169535827
3.800000000000003,2.374739855282748,0.7308794222467272,23.824318872244188,0.0738753646567627,6.091486257923311,0.0,2.58067176017796,0.9237852609290098,5.941774900037417,0.03569022509328481,-0.04259443502496836,0.0,463.86889455458476,464.76203126719815,464.49199137726595,464.8952038257025
3.820000000000003,2.426644126694239,0.749468061808726,23.942732521125016,0.07460206028918837,6.09065687336197,0.0,2.6097553809711393,0.9350786952708774,5.899589988045512,0.04076784866341161,-0.03588561409142109,0.0,403.72466958727136,405.5358567666179,404.29658109387384,405.6677932946473
3.840000000000003,2.479202568852886,0.7683110093673742,24.060668513396347,0.0754181720977769,6.089939359512366,0.0,2.6460888348935403,0.9492160605939277,5.894009239087432,0.04199653521457164,-0.035255642308773524,0.0,441.0684894419089,441.2240001830812,441.0986641188872,441.4039108556203
3.860000000000003,2.532480938721405,0.7874352354381514,24.178453323414924,0.0762986678762374,6.089243231377868,0.0,2.6817481519583417,0.9632065464837978,5.884471762770075,0.05100376277573712,-0.039494677972001256,0.0,438.53554188962687,437.4771200031723,435.7551590597261,438.0097104473831
3.880000000000003,2.5865045928521484,0.8068529721620739,24.296205548298655,0.07732209004084378,6.088453516856035,0.0,2.720617261115983,0.9785671259084429,5.890750725602996,0.04841652135231328,-0.03889628410952318,0.0,452.1214034018544,452.26529234703617,453.2856011944191,452.66289301718643
3.900000000000003,2.6413637077449814,0.8266022172052794,24.414370576651084,0.07830162771969107,6.087681196038915,0.0,2.7652942281673165,0.9963573784121151,5.9257521096398476,0.05315091715356442,-0.042244377617829135,0.0,479.97928302652525,479.2156143253092,477.9078702218195,478.9906998538504
3.920000000000003,2.697077939186588,0.8466937543285997,24.53303492632385,0.07936942846748174,6.086932564160321,0.0,2.80612891599333,1.0127963339199135,5.940682857636747,0.05005821454265235,-0.056119223473812756,0.0,463.3090692913653,460.0231692514443,461.52922239595347,460.797935690356
3.940000000000003,2.7536416513167135,0.8671288850401688,24.652156165344646,0.08039520345086437,6.0858311889207,0.0,2.850242297019249,1.030716737236995,5.971441044442834,0.0430424191451686,-0.0626013882133851,0.0,476.6939338557004,475.20337862654605,477.05889494378545,475.45012521921063
3.960000000000003,2.811139593343203,0.8879447056300807,24.772140607520495,0.08127759237865995,6.084691337145127,0.0,2.8995519056297105,1.0508653217541872,6.027003173141881,0.049606037795257726,-0.04762300454268609,0.0,496.90311106794877,500.1846205088073,497.2879017218419,498.72926635165146
3.980000000000003,2.869636757469929,0.9091698988256025,24.893288050975578,0.08231825196792908,6.083798599292148,0.0,2.950164507042883,1.0716539977980035,6.08774117236651,0.059458837738860994,-0.03669393890320759,0.0,502.06380851904584,504.43641894512666,502.58195624040167,504.7214036307025
4.000000000000003,2.928960827551343,0.9307372928837856,25.014726469042106,0.08351454174883433,6.083068616032673,0.0,2.982242501098531,1.085085408020301,6.056100634286474,0.05568709381124167,-0.033902695958040685,0.0,418.28836664075817,419.0164533908273,419.9855686349019,419.00545900725814
4.020000000000002,2.9888653546175594,0.9525498020973346,25.135228043624505,0.0846621785985997,6.082421826648279,0.0,3.0082102055230924,1.0961655133346013,5.994056823953512,0.047453628739908035,-0.025995163502594298,0.0,385.3232737996439,387.55945407485603,388.06196857112855,385.7382989802762
4.040000000000002,3.0494384346964356,0.9746472426246842,25.25521727976991,0.08561713995019371,6.081901924105843,0.0,3.0490978023645385,1.113578539400345,6.004866790587014,0.04402178468877863,-0.026033311008933774,0.0,459.3010969396264,459.29191080348295,459.90162564558767,459.08652918864516
4.060000000000001,3.1108058589721614,0.9970848140719957,25.375305456515207,0.08649802909091608,6.0813866083254915,0.0,3.087644625208062,1.1301786053308018,6.003950883943123,0.043069474921432586,-0.02930453091207251,0.0,448.6725203078448,447.87474399300993,449.18201644887034,448.9512877055275
4.080000000000001,3.172959199077051,1.0198621653666498,25.495445740296898,0.08736714841247917,6.080832713569748,0.0,3.127689385280917,1.1475565241346077,6.01007749422614,0.039137599253436475,-0.03732897637564038,0.0,456.78748546973,454.86301278960417,455.53685476267617,454.59340223090345
4.1000000000000005,3.2358650414866816,1.0429679327635135,25.6154705128025,0.08822497698894871,6.080086135071724,0.0,3.1628948556821452,1.1630202155517795,5.992399756333886,0.051391300033263025,-0.037283600412620556,0.0,432.51023998485067,432.5210129670649,431.59408849474283,434.6872631302157
4.12,3.2994338489761694,1.0663664796053023,25.73493856160973,0.08928039702127855,6.079341178299689,0.0,3.1939858932666376,1.1768344686271073,5.954405124389539,0.05882016692730885,-0.038479624005520914,0.0,412.5192217225639,412.2014050683088,411.19052065949563,413.1625997224838
4.14,3.3638246317513123,1.0901289670200944,25.85460779957417,0.09045787239046987,6.078582417299561,0.0,3.24509238424765,1.199414272852109,6.012518672054417,0.06028442827392137,-0.03382527550517432,0.0,501.0380266554013,502.05180947592487,501.6225531475,501.9434889749578
4.159999999999999,3.4290617906036243,1.1142688482966447,25.974588624921875,0.09166447933462152,6.077908181573374,0.0,3.278623500983571,1.2145738548029326,5.985563862716082,0.05892915806211441,-0.03169464934591398,0.0,423.4968028515183,424.0458642841543,424.697907939996,424.35170182152325
4.179999999999999,3.4949770043269757,1.1387169104228347,26.094062891211557,0.09285739258730796,6.077330692118425,0.0,3.3128978713515598,1.2302323578160488,5.961862766252104,0.05357563745516186,-0.04231571633270535,0.0,429.04824338102526,426.3333138873047,427.4608614139192,426.0922618065539
4.199999999999998,3.5617231715875763,1.163544546613218,26.213754596723533,0.09393317892480013,6.076485181152007,0.0,3.3617188547085037,1.2525312612222612,6.007307784945461,0.056499192958005484,-0.04104815155269221,0.0,490.6467746781292,490.9282860559407,491.6070502264716,492.2582228041245
4.219999999999998,3.6292094597290596,1.1887143088498824,26.333225772252298,0.09508699739190085,6.0756700492081475,0.0,3.3869099594398278,1.2644449624441918,5.939809767931162,0.049594903285492306,-0.037633158962816535,0.0,381.75371564448915,382.7291668946871,382.1094891609616,380.13191325820617
4.2399999999999975,3.6972794233148005,1.2141595537928604,26.451722146186437,0.09608837950415605,6.074978168142454,0.0,3.420086399134263,1.2800795318536256,5.909827625482653,0.053950140717600945,-0.04865877582215455,0.0,421.37912067352346,418.508431016588,421.2117226712708,422.34212487739006
4.259999999999997,3.766154037407999,1.2399829090548833,26.57028099138755,0.09718600388933929,6.074027225799249,0.0,3.467375010185586,1.3022559943486478,5.946056894628502,0.047847424792543905,-0.0553270849388619,0.0,483.47862147742677,481.9674631594775,484.4142829741322,483.03697485322476
4.279999999999997,3.835850844101094,1.2661950014678254,26.6889767928264,0.09814295350745272,6.072927987174024,0.0,3.5023056591239157,1.3189532469455596,5.923523249256305,0.04780004837630002,-0.05914888387459747,0.0,430.04496775093224,429.07026418352916,428.0674972734888,428.05688361610953
4.299999999999996,3.906357856058959,1.2927932168485345,26.80773569653151,0.09909928258752299,6.071778311528872,0.0,3.548395536662599,1.3408682911253524,5.952367121254757,0.048610125588173035,-0.06731001521034596,0.0,478.0708956395226,476.1991242552001,477.17702113536564,477.36375673426807
4.319999999999996,3.9777060695106,1.3197936779627193,26.926687872557288,0.10007171394745029,6.0704422204174335,0.0,3.5864258085014873,1.3591778202931188,5.942850481323068,0.047933593010568584,-0.06281352930057994,0.0,441.76761903409914,442.8753906163642,441.9306275463863,441.76472780944874
4.339999999999995,4.049809385626308,1.3471585809661706,27.045414941995116,0.1010307101473682,6.069196686239366,0.0,3.6239058030693556,1.3773124800520014,5.929856462459995,0.047128186645039885,-0.05817965231791805,0.0,439.28941709417353,440.43805775548265,437.860125683721,437.66045028461065
4.359999999999995,4.122730412751156,1.3749186338766626,27.164185714684706,0.10197722448336854,6.0680593867037675,0.0,3.6681969094153657,1.398692810997186,5.947220806498923,0.04431727821567415,-0.06543134326017763,0.0,468.2540493041469,466.5560362389825,467.9841022917279,467.3283187306352
4.379999999999995,4.196487090835126,1.403083962199221,27.283066546046143,0.10287226078746237,6.066759347039575,0.0,3.707470898981682,1.4178400212586595,5.940862329644972,0.040148168051496874,-0.06128714224921728,0.0,445.0693122667326,446.0828100805797,446.38586139923234,445.36489918640035
4.399999999999994,4.271014075733183,1.4316258369526993,27.401742598958176,0.1037124795209019,6.065535954645542,0.0,3.7452275908240296,1.436347454089175,5.926742961558196,0.04878012871057523,-0.05911898591194557,0.0,437.6966099329167,438.2350015265048,437.671276878214,439.82267446341655
4.419999999999994,4.346335328484988,1.46055682085555,27.520304611450385,0.10471633314986484,6.0643786959742165,0.0,3.7868976843564557,1.4567509361959046,5.929458287662527,0.05629691722046034,-0.052030820153036936,0.0,452.76010186589787,454.46576534588206,454.5825205022681,456.3877913937299
4.439999999999993,4.422517696465898,1.4899099825654043,27.639036948707876,0.10588846173848854,6.063351978045397,0.0,3.831339113734514,1.4785652347895322,5.943775438086764,0.04668544030850266,-0.05730310129887514,0.0,466.4060486599517,465.1671938986662,466.56094521602216,464.3057130250399
4.459999999999993,4.499558146230734,1.5196865221933478,27.757911642844306,0.10682265020671888,6.062210708600897,0.0,3.8727058627490414,1.4990887280048097,5.943693975556042,0.04766489123683515,-0.06039909273215916,0.0,453.5185980612908,452.7695962223677,451.87287193110467,452.1109925878737
4.479999999999992,4.577447593893908,1.5498847558581892,27.876873161584957,0.10778668004881276,6.06101714899347,0.0,3.91623890356829,1.5207346384793368,5.952457898509006,0.04303196184886278,-0.0550283856622749,0.0,461.0528144677002,462.32191835105635,461.04903084837946,459.9506215052701
4.499999999999992,4.656184646400447,1.580505906537836,27.995900127660413,0.10864735297914141,6.059941449507502,0.0,3.957466347085581,1.5413804294853366,5.950238709036379,0.04329155133926635,-0.06208079337563494,0.0,451.87927151244276,450.1681047526651,451.16307869782247,451.22695862259116
4.519999999999992,4.735759169929809,1.61154700212981,28.114932802176597,0.10955479297424908,6.058699860436139,0.0,3.999986005850682,1.5627291297120558,5.9530287425820685,0.05241393790447252,-0.06231229348070919,0.0,456.3871967063952,456.3290877066289,454.6341422425959,456.8231528314957
4.539999999999991,4.816138618878176,1.6429940890213457,28.23381504206718,0.11060311496924236,6.057455684019104,0.0,4.03795888898597,1.581979559441506,5.93519524647637,0.052119873613477696,-0.06027786354650397,0.0,435.0331259529181,435.541128395989,437.72009807423467,437.64848662597467
4.559999999999991,4.8972853497224405,1.6748309316845762,28.352367411690036,0.11165248482042145,6.056255355359154,0.0,4.076714195440483,1.601704706881538,5.920041715808997,0.05585414165670172,-0.05704410072871772,0.0,438.18582833616716,438.98915682869585,439.2094005419191,440.13958042284054
4.57999999999999,4.979134809979629,1.7070283955697028,28.47029847884514,0.11277376250802451,6.055114653381217,0.0,4.1082318302784016,1.618041681631133,5.873064999701663,0.0587506410851305,-0.05644403967029605,0.0,407.2109355501035,407.3694314086399,406.04426857977376,406.82573085019766
4.59999999999999,5.061689484438245,1.739589959334595,28.5876060421816,0.11396468985534902,6.0539960747394055,0.0,4.14723561558323,1.6381146948580843,5.857691333944322,0.05310891694767401,-0.0609832359854646,0.0,439.5577910017848,438.4253163064061,438.9128579735389,437.5080220455249
4.6199999999999894,5.145160820738887,1.7726209474470482,28.70518195310546,0.11502970671454715,6.052839608379461,0.0,4.199898014481029,1.664984116387244,5.899899758441467,0.050726262862723734,-0.04974060642081623,0.0,490.9753967151078,493.469700711726,491.7645735290929,491.2362515397853
4.639999999999989,5.229586493967592,1.8061422915781637,28.823173878563544,0.11604457788827727,6.051846381164081,0.0,4.242669308389434,1.6871502967242968,5.899292787367196,0.051558027824484085,-0.05152100695789531,0.0,454.605832541155,454.1760540781291,452.8661152347098,453.06841180691964
4.659999999999989,5.314845968116143,1.8400975872565362,28.941057232664917,0.1170759070402152,6.050829986998492,0.0,4.283278106465763,1.7083792711129475,5.889042622770127,0.05213870923195461,-0.05681741584870741,0.0,445.74055774678857,444.43812120759634,444.1897584950941,444.3343398477732
4.679999999999988,5.400882838382037,1.874461510155545,29.05858466385765,0.11813003924096499,6.049693771020289,0.0,4.3204089201236355,1.7280130187879528,5.863700496503298,0.04737257534566293,-0.05630294763569903,0.0,430.17267261694053,430.3010600143412,430.23823674497766,429.02745818556684
4.699999999999988,5.487679669985793,1.9092277669780762,29.175672506713138,0.11910920476461939,6.048580175359415,0.0,4.359274240251932,1.748612663465151,5.84508378904518,0.05533674720979598,-0.06129560060565598,0.0,437.2075150672992,435.95525238636446,435.49688665483296,437.4927210011536
4.719999999999987,5.575177850170813,1.9443692328269961,29.292067234323405,0.12022984014645566,6.047367448215958,0.0,4.390543778250024,1.7655339214268408,5.794388971981319,0.05006409367665251,-0.06643074785889697,0.0,404.95891401791084,403.56726489023566,403.76085371344016,402.33321418048456
4.739999999999987,5.663393397680143,1.9798960183143468,29.407823810787733,0.12126839278089818,6.04604592138276,0.0,4.431010972682992,1.7871446273082314,5.78126867445172,0.04143035046654579,-0.06266561201028725,0.0,441.0158471224381,441.9447686233367,442.67720819849166,440.5417399074353
4.7599999999999865,5.7524645806286925,2.015879080692294,29.523500944086358,0.12219645505538157,6.044792964498846,0.0,4.476107322171884,1.8111616104864785,5.786444655410865,0.05553391492044194,-0.06350864972183606,0.0,459.96560160189887,459.7625241600969,456.77998560673393,460.1434351298907
4.779999999999986,5.842401189720175,2.052324978847889,29.639125041556344,0.12332728629065404,6.043591679924454,0.0,4.517553586976434,1.8334282050730057,5.775965091587815,0.06188260563016107,-0.07524648768656067,0.0,445.48240950551826,442.5899538772765,444.2997679749025,445.8610392950397
4.799999999999986,5.93323016083086,2.0892493606277354,29.754791140966052,0.12458551256712713,6.042087255001022,0.0,4.5653435240919915,1.8590099729116567,5.79064484938309,0.05546790939884613,-0.07424166899615765,0.0,466.9779205808483,467.20891964208715,470.5991454119131,469.1093596575539
4.819999999999985,6.025088196982945,2.126723635297343,29.871036115166614,0.12573474245055216,6.0406926656442685,0.0,4.620460091116474,1.888417494049075,5.8338525706728435,0.06439782490214689,-0.06080708503018973,0.0,493.25260715544067,496.2170862041436,493.3306388845895,495.306962593744
4.839999999999985,6.117889883849572,2.1647068533615696,29.987497883799453,0.12702420191091868,6.0394769652549485,0.0,4.659708595546276,1.909904312373605,5.812324292610818,0.06266406463983605,-0.06174656497403452,0.0,435.2859233422527,435.0472181821116,435.52637415099105,435.094142056485
4.859999999999984,6.211520132893206,2.2031434395470684,30.103697544035278,0.12827828540667596,6.0382613982361555,0.0,4.703316308817051,1.933754306176276,5.807641730971788,0.06393071609958682,-0.05552333740517142,0.0,450.97834752809547,452.4815682214369,451.4334406766597,451.7428071362159
4.879999999999984,6.3059027327370005,2.2419971633360123,30.219321909710033,0.12958405060901157,6.037168747612803,0.0,4.7349436755624374,1.9516180727181205,5.754794836503886,0.07129968893756246,-0.061492612863979806,0.0,404.279354544524,402.6596359961054,401.9005796675733,403.90336445742383
4.8999999999999835,6.400984678969748,2.2812438974276974,30.334150338725905,0.1310441795104067,6.035939165498807,0.0,4.773250947712399,1.9730553364503503,5.728048065083218,0.07956226996821367,-0.062227654742502546,0.0,429.9792357441733,429.7894846839747,428.73122298902564,430.8368179900812
4.919999999999983,6.496810527107385,2.320909531282005,30.448351372807448,0.13268217273342042,6.0347101495943125,0.0,4.809333866051356,1.9935080489803998,5.692055343071148,0.08923158469569915,-0.06780209468840459,0.0,420.6285190141553,419.1742987449928,419.57426721538144,422.091356095608
4.939999999999983,6.593516308605172,2.3610686381417048,30.562446332218165,0.13446738615445764,6.033354544877767,0.0,4.8612442837273235,2.02240263698958,5.717440598000662,0.08815294933280483,-0.06873716390853493,0.0,478.62977491149064,478.41309063445084,480.15757221247384,479.9179555791413
4.959999999999982,6.6911675293932005,2.4017595271509093,30.676679617910676,0.13623044518487593,6.031984840016015,0.0,4.90387779507551,2.046686263930856,5.705887971250415,0.08816230478996824,-0.0655627611556219,0.0,444.46150368696016,445.2379619770323,445.8169609580591,445.8256817167476
4.979999999999982,6.789648208109924,2.442925994884765,30.79058529144602,0.13799506205119183,6.030720600006751,0.0,4.944190076596779,2.069960509454697,5.68467938228429,0.08650654483374584,-0.05586583237922297,0.0,434.46730896719504,436.8969549295937,436.58026492182404,436.17211541281495
4.999999999999981,6.888844118400058,2.484511626268053,30.903711887255152,0.13973147485633586,6.029603442374102,0.0,4.975400952416698,2.0886026288740798,5.627980198628829,0.09005109232782438,-0.05642977375127018,0.0,398.1828239622668,398.02546142199174,399.8544126943362,400.8293475369096
5.019999999999981,6.988778433795384,2.5265333993176275,31.01613833519596,0.14153463830298563,6.028476123214485,0.0,5.018030587115949,2.113574676083401,5.614664595451997,0.09212068170420888,-0.05802746922212834,0.0,443.0406976531565,442.6441475390379,443.771387326186,444.28765873456103
